Vertex Count: 492

Data: 

-1.5 0 -1.5 0.337891 0.5 -1 0 -0
-1.5 0 1.5 0.369141 0.5 -1 0 -0
-1.5 1 -1.5 9.09187e-39 9.91837e-39 -1 0 -0
-1.5 1 -1.5 0.337891 0.5 -1 0 -0
-1.5 0 1.5 0.369141 0.5 -1 0 -0
-1.5 1 1.5 6.52043e-39 7.16328e-39 -1 0 -0
-1.5 1 -2.5 0.337891 0.5 -1 0 -0
-1.5 1 -1.5 9.09187e-39 9.91837e-39 -1 0 -0
-1.5 3 -2.5 7.62246e-39 -1.22653e-13 -1 0 -0
-1.5 3 -2.5 0.337891 0.5 -1 0 -0
-1.5 1 -1.5 9.09187e-39 9.91837e-39 -1 0 -0
-1.5 3 -1.5 6.06125e-39 7.53061e-39 -1 0 -0
-1.5 1 1.5 0.337891 0.5 -1 0 -0
-1.5 1 2.5 -1.30293e-41 7.53061e-39 -1 0 -0
-1.5 3 1.5 8.72447e-39 7.53062e-39 -1 0 -0
-1.5 3 1.5 0.337891 0.5 -1 0 -0
-1.5 1 2.5 -1.30293e-41 7.53061e-39 -1 0 -0
-1.5 3 2.5 -1.26206e-13 -1.37481e-41 -1 0 -0
-1.5 3 -3.5 0.337891 0.5 -1 0 -0
-1.5 3 -2.5 7.62246e-39 -1.22653e-13 -1 0 -0
-1.5 8 -3.5 1.05612e-38 9.18368e-39 -1 0 -0
-1.5 8 -3.5 0.337891 0.5 -1 0 -0
-1.5 3 -2.5 7.62246e-39 -1.22653e-13 -1 0 -0
-1.5 8 -2.5 4.40817e-39 -1.61733e-13 -1 0 -0
-1.5 5 -0.5 0.337891 0.5 -1 0 -0
-1.5 5 0.5 -1.40845e-41 7.80615e-39 -1 0 -0
-1.5 8 -0.5 9.27554e-39 1.04693e-38 -1 0 -0
-1.5 8 -0.5 0.337891 0.5 -1 0 -0
-1.5 5 0.5 -1.40845e-41 7.80615e-39 -1 0 -0
-1.5 8 0.5 1.41531e-43 7.62246e-39 -1 0 -0
-1.5 3 2.5 0.337891 0.5 -1 0 -0
-1.5 3 3.5 5.14287e-39 7.255e-39 -1 0 -0
-1.5 8 2.5 -1.65286e-13 -1.48482e-41 -1 0 -0
-1.5 8 2.5 0.337891 0.5 -1 0 -0
-1.5 3 3.5 5.14287e-39 7.255e-39 -1 0 -0
-1.5 8 3.5 7.1633e-39 1.17709e-43 -1 0 -0
-0.5 1 -1.5 0.337891 0.5 -1 0 -0
-0.5 1 1.5 -1.51789e-41 9.45921e-39 -1 0 -0
-0.5 3 -1.5 1.04694e-38 -1.43969e-13 -1 0 -0
-0.5 3 -1.5 0.337891 0.5 -1 0 -0
-0.5 1 1.5 -1.51789e-41 9.45921e-39 -1 0 -0
-0.5 3 1.5 2.11877e+11 3284.08 -1 0 -0
-0.5 3 -2.5 0.337891 0.5 -1 0 -0
-0.5 3 -1.5 1.04694e-38 -1.43969e-13 -1 0 -0
-0.5 5 -0.5 -1.47522e-13 -1.58669e-41 -1 0 -0
-0.5 3 1.5 0.337891 0.5 -1 0 -0
-0.5 3 2.5 1.05612e-05 0 -1 0 -0
-0.5 5 -0.5 -1.47522e-13 -1.58669e-41 -1 0 -0
-0.5 3 -1.5 0.337891 0.5 -1 0 -0
-0.5 3 1.5 2.11877e+11 3284.08 -1 0 -0
-0.5 5 -0.5 -1.47522e-13 -1.58669e-41 -1 0 -0
-0.5 5 -0.5 0.337891 0.5 -1 0 -0
-0.5 3 2.5 1.05612e-05 0 -1 0 -0
-0.5 5 0.5 9.64285e-39 9.1837e-39 -1 0 -0
-0.5 3 -2.5 0.337891 0.5 -1 0 -0
-0.5 5 -0.5 -1.47522e-13 -1.58669e-41 -1 0 -0
-0.5 8 -2.5 8.44903e-39 1.11123e-38 -1 0 -0
-0.5 8 -2.5 0.337891 0.5 -1 0 -0
-0.5 5 -0.5 -1.47522e-13 -1.58669e-41 -1 0 -0
-0.5 8 -0.5 -1.62845e-41 1.01939e-38 -1 0 -0
-0.5 5 0.5 0.337891 0.5 -1 0 -0
-0.5 3 2.5 1.05612e-05 0 -1 0 -0
-0.5 8 0.5 4.22458e-39 1.10204e-38 -1 0 -0
-0.5 8 0.5 0.337891 0.5 -1 0 -0
-0.5 3 2.5 1.05612e-05 0 -1 0 -0
-0.5 8 2.5 1.09286e-38 -1.54628e-13 -1 0 -0
-0.5 8 -0.5 0.369141 0.5 -1 0 -0
-0.5 8 0.5 4.22458e-39 1.10204e-38 -1 0 -0
-0.5 24 -0.5 4.85545e+33 1.61149e-43 -1 0 -0
-0.5 24 -0.5 0.369141 0.5 -1 0 -0
-0.5 8 0.5 4.22458e-39 1.10204e-38 -1 0 -0
-0.5 24 0.5 -1.86602e-13 -1.70132e-41 -1 0 -0
-0.5 24 -2.5 0.369141 0.5 -1 0 -0
-0.5 24 -0.5 4.85545e+33 1.61149e-43 -1 0 -0
-0.5 25 -1.5 8.44895e-39 9.64285e-39 -1 0 -0
-0.5 24 0.5 0.369141 0.5 -1 0 -0
-0.5 24 2.5 9e-39 1.00102e-38 -1 0 -0
-0.5 25 -1.5 8.44895e-39 9.64285e-39 -1 0 -0
-0.5 24 -0.5 0.369141 0.5 -1 0 -0
-0.5 24 0.5 -1.86602e-13 -1.70132e-41 -1 0 -0
-0.5 25 -1.5 8.44895e-39 9.64285e-39 -1 0 -0
-0.5 25 -1.5 0.369141 0.5 -1 0 -0
-0.5 24 2.5 9e-39 1.00102e-38 -1 0 -0
-0.5 25 1.5 -1.73747e-41 8.44903e-39 -1 0 -0
-0.5 24 -2.5 0.369141 0.5 -1 0 -0
-0.5 25 -1.5 8.44895e-39 9.64285e-39 -1 0 -0
-0.5 26 -1.5 1.06531e-38 1.00102e-38 -1 0 -0
-0.5 25 1.5 0.369141 0.5 -1 0 -0
-0.5 24 2.5 9e-39 1.00102e-38 -1 0 -0
-0.5 26 1.5 7.98982e-39 -1.93708e-13 -1 0 -0
-0.5 24 -2.5 0.369141 0.5 -1 0 -0
-0.5 26 -1.5 1.06531e-38 1.00102e-38 -1 0 -0
-0.5 27 -2.5 1.05612e-38 1.01939e-38 -1 0 -0
-0.5 26 -1.5 0.369141 0.5 -1 0 -0
-0.5 26 1.5 7.98982e-39 -1.93708e-13 -1 0 -0
-0.5 27 -2.5 1.05612e-38 1.01939e-38 -1 0 -0
-0.5 26 1.5 0.369141 0.5 -1 0 -0
-0.5 24 2.5 9e-39 1.00102e-38 -1 0 -0
-0.5 27 2.5 7.62251e-39 9.27553e-39 -1 0 -0
-0.5 27 -2.5 0.369141 0.5 -1 0 -0
-0.5 26 1.5 7.98982e-39 -1.93708e-13 -1 0 -0
-0.5 27 2.5 7.62251e-39 9.27553e-39 -1 0 -0
-0.5 1 -1.5 0.337891 0.5 1 0 -0
-0.5 0 1.5 6.15306e-39 8.44895e-39 1 0 -0
-0.5 0 -1.5 -1.9726e-13 -1.80053e-41 1 0 -0
-0.5 1 1.5 0.337891 0.5 1 0 -0
-0.5 0 1.5 6.15306e-39 8.44895e-39 1 0 -0
-0.5 1 -1.5 9.45921e-39 8.9082e-39 1 0 -0
0.5 3 -2.5 0.337891 0.5 1 0 -0
0.5 1 2.5 9.64285e-39 -1.75944e-13 1 0 -0
0.5 1 -2.5 1.0102e-38 9.27555e-39 1 0 -0
0.5 3 -1.5 0.337891 0.5 1 0 -0
0.5 1 2.5 9.64285e-39 -1.75944e-13 1 0 -0
0.5 3 -2.5 7.34697e-39 1.01939e-38 1 0 -0
0.5 3 1.5 0.337891 0.5 1 0 -0
0.5 1 2.5 9.64285e-39 -1.75944e-13 1 0 -0
0.5 3 -1.5 -1.79494e-13 -3.8581e-34 1 0 -0
0.5 3 2.5 0.337891 0.5 1 0 -0
0.5 1 2.5 9.64285e-39 -1.75944e-13 1 0 -0
0.5 3 1.5 1.4013e-45 0 1 0 -0
0.5 5 -2.5 0.337891 0.5 1 0 -0
0.5 3 -2.5 7.34697e-39 1.01939e-38 1 0 -0
0.5 3 -3.5 1.01021e-38 5.41842e-39 1 0 -0
0.5 5 -2.5 0.337891 0.5 1 0 -0
0.5 3 -1.5 -1.79494e-13 -3.8581e-34 1 0 -0
0.5 3 -2.5 7.34697e-39 1.01939e-38 1 0 -0
0.5 5 -1.5 0.337891 0.5 1 0 -0
0.5 3 -1.5 -1.79494e-13 -3.8581e-34 1 0 -0
0.5 5 -2.5 9.27555e-39 8.44902e-39 1 0 -0
0.5 5 1.5 0.337891 0.5 1 0 -0
0.5 3 3.5 -1.95229e-41 8.44903e-39 1 0 -0
0.5 3 2.5 1.4013e-45 0 1 0 -0
0.5 5 1.5 0.337891 0.5 1 0 -0
0.5 3 2.5 1.4013e-45 0 1 0 -0
0.5 3 1.5 1.4013e-45 0 1 0 -0
0.5 5 2.5 0.337891 0.5 1 0 -0
0.5 3 3.5 -1.95229e-41 8.44903e-39 1 0 -0
0.5 5 1.5 1.01938e-38 1.00102e-38 1 0 -0
0.5 8 -3.5 0.337891 0.5 1 0 -0
0.5 5 -2.5 9.27555e-39 8.44902e-39 1 0 -0
0.5 3 -3.5 1.01021e-38 5.41842e-39 1 0 -0
0.5 8 -2.5 0.337891 0.5 1 0 -0
0.5 5 -2.5 9.27555e-39 8.44902e-39 1 0 -0
0.5 8 -3.5 -2.18574e-13 -2.02333e-41 1 0 -0
0.5 8 2.5 0.337891 0.5 1 0 -0
0.5 3 3.5 -1.95229e-41 8.44903e-39 1 0 -0
0.5 5 2.5 5.41842e-39 5.32655e-39 1 0 -0
0.5 8 3.5 0.337891 0.5 1 0 -0
0.5 3 3.5 -1.95229e-41 8.44903e-39 1 0 -0
0.5 8 2.5 2.54105e-38 9.4749e-39 1 0 -0
0.5 24 -0.5 0.369141 0.5 1 0 -0
0.5 8 0.5 -3.85861e-34 1.93566e-39 1 0 -0
0.5 8 -0.5 6.52045e-39 1.06531e-38 1 0 -0
0.5 24 0.5 0.369141 0.5 1 0 -0
0.5 8 0.5 -3.85861e-34 1.93566e-39 1 0 -0
0.5 24 -0.5 8.44892e-39 9.82651e-39 1 0 -0
0.5 25 -1.5 0.369141 0.5 1 0 -0
0.5 24 -0.5 8.44892e-39 9.82651e-39 1 0 -0
0.5 24 -2.5 2.9389e-39 1.10203e-38 1 0 -0
0.5 25 -1.5 0.369141 0.5 1 0 -0
0.5 24 2.5 8.44901e-39 6.15306e-39 1 0 -0
0.5 24 0.5 -2.0081e-13 -2.12773e-41 1 0 -0
0.5 25 -1.5 0.369141 0.5 1 0 -0
0.5 24 0.5 -2.0081e-13 -2.12773e-41 1 0 -0
0.5 24 -0.5 8.44892e-39 9.82651e-39 1 0 -0
0.5 25 1.5 0.369141 0.5 1 0 -0
0.5 24 2.5 8.44901e-39 6.15306e-39 1 0 -0
0.5 25 -1.5 1.04694e-38 9.45921e-39 1 0 -0
0.5 26 -1.5 0.369141 0.5 1 0 -0
0.5 25 -1.5 1.04694e-38 9.45921e-39 1 0 -0
0.5 24 -2.5 2.9389e-39 1.10203e-38 1 0 -0
0.5 26 1.5 0.369141 0.5 1 0 -0
0.5 24 2.5 8.44901e-39 6.15306e-39 1 0 -0
0.5 25 1.5 -9.87895e-32 2.11877e+11 1 0 -0
0.5 27 -2.5 0.369141 0.5 1 0 -0
0.5 26 -1.5 2.75476e-09 4.20075e-05 1 0 -0
0.5 24 -2.5 2.9389e-39 1.10203e-38 1 0 -0
0.5 27 -2.5 0.369141 0.5 1 0 -0
0.5 26 1.5 0 -2.07916e-13 1 0 -0
0.5 26 -1.5 2.75476e-09 4.20075e-05 1 0 -0
0.5 27 2.5 0.369141 0.5 1 0 -0
0.5 24 2.5 8.44901e-39 6.15306e-39 1 0 -0
0.5 26 1.5 0 -2.07916e-13 1 0 -0
0.5 27 2.5 0.369141 0.5 1 0 -0
0.5 26 1.5 0 -2.07916e-13 1 0 -0
0.5 27 -2.5 8.90819e-39 1.02857e-38 1 0 -0
1.5 5 -1.5 0.337891 0.5 1 0 -0
1.5 3 1.5 9.27555e-39 1.05612e-38 1 0 -0
1.5 3 -1.5 5.41845e-39 5.32655e-39 1 0 -0
1.5 5 1.5 0.337891 0.5 1 0 -0
1.5 3 1.5 9.27555e-39 1.05612e-38 1 0 -0
1.5 5 -1.5 4.0178e-40 2.35099e-38 1 0 -0
1.5 8 -2.5 0.337891 0.5 1 0 -0
1.5 5 -1.5 4.0178e-40 2.35099e-38 1 0 -0
1.5 5 -2.5 -6.0653e-19 3.87992e-34 1 0 -0
1.5 8 -2.5 0.337891 0.5 1 0 -0
1.5 5 2.5 9.09186e-39 8.44901e-39 1 0 -0
1.5 5 1.5 2.53935e-38 6.24494e-39 1 0 -0
1.5 8 -2.5 0.337891 0.5 1 0 -0
1.5 5 1.5 2.53935e-38 6.24494e-39 1 0 -0
1.5 5 -1.5 4.0178e-40 2.35099e-38 1 0 -0
1.5 8 2.5 0.337891 0.5 1 0 -0
1.5 5 2.5 9.09186e-39 8.44901e-39 1 0 -0
1.5 8 -2.5 9.18371e-39 9.64287e-39 1 0 -0
-1.5 3 -3.5 0.337891 0.5 0 0 -1
-1.5 8 -3.5 8.44903e-39 1.05612e-38 0 0 -1
0.5 3 -3.5 4.50001e-39 8.44894e-39 0 0 -1
0.5 3 -3.5 0.337891 0.5 0 0 -1
-1.5 8 -3.5 8.44903e-39 1.05612e-38 0 0 -1
0.5 8 -3.5 1.07449e-38 9.27554e-39 0 0 -1
-1.5 1 -2.5 0.337891 0.5 0 0 -1
-1.5 3 -2.5 9.91837e-39 7.62239e-39 0 0 -1
0.5 1 -2.5 9.27553e-39 1.06531e-38 0 0 -1
0.5 1 -2.5 0.337891 0.5 0 0 -1
-1.5 3 -2.5 9.91837e-39 7.62239e-39 0 0 -1
0.5 3 -2.5 1.0653e-38 9.18371e-39 0 0 -1
-0.5 24 -2.5 0.369141 0.5 0 0 -1
-0.5 27 -2.5 5.05102e-39 7.34697e-39 0 0 -1
0.5 24 -2.5 1.04694e-38 8.9082e-39 0 0 -1
0.5 24 -2.5 0.369141 0.5 0 0 -1
-0.5 27 -2.5 5.05102e-39 7.34697e-39 0 0 -1
0.5 27 -2.5 1.01021e-38 9.27555e-39 0 0 -1
0.5 5 -2.5 0.337891 0.5 0 0 -1
0.5 8 -2.5 1.01938e-38 9.27553e-39 0 0 -1
1.5 5 -2.5 1.04694e-38 6.15311e-39 0 0 -1
1.5 5 -2.5 0.337891 0.5 0 0 -1
0.5 8 -2.5 1.01938e-38 9.27553e-39 0 0 -1
1.5 8 -2.5 9.27555e-39 1.06531e-38 0 0 -1
-1.5 0 -1.5 0.337891 0.5 0 0 -1
-1.5 1 -1.5 1.90998e-38 0 0 0 -1
-0.5 0 -1.5 3.71344e-43 2.51635e-38 0 0 -1
-0.5 0 -1.5 0.337891 0.5 0 0 -1
-1.5 1 -1.5 1.90998e-38 0 0 0 -1
-0.5 1 -1.5 6.53094e+33 8.35277e+33 0 0 -1
0.5 3 -1.5 0.337891 0.5 0 0 -1
0.5 5 -1.5 1.73499e-39 1.91978e-43 0 0 -1
1.5 3 -1.5 5.95118e-38 1.4013e-45 0 0 -1
1.5 3 -1.5 0.337891 0.5 0 0 -1
0.5 5 -1.5 1.73499e-39 1.91978e-43 0 0 -1
1.5 5 -1.5 2.53935e-38 1.4013e-45 0 0 -1
-1.5 5 -0.5 0.337891 0.5 0 0 -1
-1.5 8 -0.5 1.4013e-44 2.53566e-38 0 0 -1
-0.5 5 -0.5 -nan 1.12104e-44 0 0 -1
-0.5 5 -0.5 0.337891 0.5 0 0 -1
-1.5 8 -0.5 1.4013e-44 2.53566e-38 0 0 -1
-0.5 8 -0.5 3.58732e-43 1.12104e-44 0 0 -1
-0.5 8 -0.5 0.369141 0.5 0 0 -1
-0.5 24 -0.5 0 0 0 0 -1
0.5 8 -0.5 0 1.12104e-44 0 0 -1
0.5 8 -0.5 0.369141 0.5 0 0 -1
-0.5 24 -0.5 0 0 0 0 -1
0.5 24 -0.5 0 0 0 0 -1
-1.5 1 1.5 0.337891 0.5 0 0 -1
-1.5 3 1.5 1.91e-38 8.37097e+33 0 0 -1
-0.5 1 1.5 2.88107e-42 2.52448e-38 0 0 -1
-0.5 1 1.5 0.337891 0.5 0 0 -1
-1.5 3 1.5 1.91e-38 8.37097e+33 0 0 -1
-0.5 3 1.5 1.79661e-39 2.86986e-42 0 0 -1
-0.5 25 1.5 0.369141 0.5 0 0 -1
-0.5 26 1.5 1.91e-38 7.63885e+33 0 0 -1
0.5 25 1.5 5.60519e-42 0 0 0 -1
0.5 25 1.5 0.369141 0.5 0 0 -1
-0.5 26 1.5 1.91e-38 7.63885e+33 0 0 -1
0.5 26 1.5 1.84231e-39 2.02085e-39 0 0 -1
-1.5 3 2.5 0.337891 0.5 0 0 -1
-1.5 8 2.5 5.14285e-39 4.40817e-39 0 0 -1
-0.5 3 2.5 4.77552e-39 9.00001e-39 0 0 -1
-0.5 3 2.5 0.337891 0.5 0 0 -1
-1.5 8 2.5 5.14285e-39 4.40817e-39 0 0 -1
-0.5 8 2.5 6.15306e-39 8.44895e-39 0 0 -1
-0.5 3 -2.5 0.337891 0.5 0 0 1
-1.5 8 -2.5 9.64283e-39 9.27554e-39 0 0 1
-1.5 3 -2.5 9.45921e-39 8.9082e-39 0 0 1
-0.5 8 -2.5 0.337891 0.5 0 0 1
-1.5 8 -2.5 9.64283e-39 9.27554e-39 0 0 1
-0.5 3 -2.5 1.10203e-38 4.9592e-39 0 0 1
-0.5 1 -1.5 0.337891 0.5 0 0 1
-1.5 3 -1.5 8.44901e-39 4.95928e-39 0 0 1
-1.5 1 -1.5 8.44903e-39 6.97959e-39 0 0 1
-0.5 3 -1.5 0.337891 0.5 0 0 1
-1.5 3 -1.5 8.44901e-39 4.95928e-39 0 0 1
-0.5 1 -1.5 5.96942e-39 6.61227e-39 0 0 1
0.5 25 -1.5 0.369141 0.5 0 0 1
-0.5 26 -1.5 6.06121e-39 7.71427e-39 0 0 1
-0.5 25 -1.5 4.22452e-39 8.08162e-39 0 0 1
0.5 26 -1.5 0.369141 0.5 0 0 1
-0.5 26 -1.5 6.06121e-39 7.71427e-39 0 0 1
0.5 25 -1.5 7.07143e-39 5.41839e-39 0 0 1
-0.5 5 0.5 0.337891 0.5 0 0 1
-1.5 8 0.5 6.79589e-39 6.33677e-39 0 0 1
-1.5 5 0.5 5.41839e-39 6.79589e-39 0 0 1
-0.5 8 0.5 0.337891 0.5 0 0 1
-1.5 8 0.5 6.79589e-39 6.33677e-39 0 0 1
-0.5 5 0.5 7.62247e-39 5.41839e-39 0 0 1
0.5 8 0.5 0.369141 0.5 0 0 1
-0.5 24 0.5 9.3887e-44 7.53062e-39 0 0 1
-0.5 8 0.5 6.61227e-39 4.22452e-39 0 0 1
0.5 24 0.5 0.369141 0.5 0 0 1
-0.5 24 0.5 9.3887e-44 7.53062e-39 0 0 1
0.5 8 0.5 7.62244e-39 7.25512e-39 0 0 1
-0.5 0 1.5 0.337891 0.5 0 0 1
-1.5 1 1.5 1.10203e-38 4.9592e-39 0 0 1
-1.5 0 1.5 6.15307e-39 7.80613e-39 0 0 1
-0.5 1 1.5 0.337891 0.5 0 0 1
-1.5 1 1.5 1.10203e-38 4.9592e-39 0 0 1
-0.5 0 1.5 7.25512e-39 6.33674e-39 0 0 1
1.5 3 1.5 0.337891 0.5 0 0 1
0.5 5 1.5 4.68368e-39 5.60204e-39 0 0 1
0.5 3 1.5 6.70409e-39 6.33677e-39 0 0 1
1.5 5 1.5 0.337891 0.5 0 0 1
0.5 5 1.5 4.68368e-39 5.60204e-39 0 0 1
1.5 3 1.5 4.95921e-39 7.28675e-44 0 0 1
0.5 1 2.5 0.337891 0.5 0 0 1
-1.5 3 2.5 6.70411e-39 6.70409e-39 0 0 1
-1.5 1 2.5 8.72449e-39 6.24492e-39 0 0 1
0.5 3 2.5 0.337891 0.5 0 0 1
-1.5 3 2.5 6.70411e-39 6.70409e-39 0 0 1
0.5 1 2.5 9.91838e-39 2.93891e-39 0 0 1
0.5 24 2.5 0.369141 0.5 0 0 1
-0.5 27 2.5 4.77552e-39 6.42853e-39 0 0 1
-0.5 24 2.5 6.70408e-39 1.06531e-38 0 0 1
0.5 27 2.5 0.369141 0.5 0 0 1
-0.5 27 2.5 4.77552e-39 6.42853e-39 0 0 1
0.5 24 2.5 4.04083e-39 6.52037e-39 0 0 1
1.5 5 2.5 0.337891 0.5 0 0 1
0.5 8 2.5 1.02857e-38 1.01021e-38 0 0 1
0.5 5 2.5 4.77553e-39 7.62239e-39 0 0 1
1.5 8 2.5 0.337891 0.5 0 0 1
0.5 8 2.5 1.02857e-38 1.01021e-38 0 0 1
1.5 5 2.5 9.27555e-39 1.5134e-43 0 0 1
0.5 3 3.5 0.337891 0.5 0 0 1
-1.5 8 3.5 5.60207e-39 7.56701e-44 0 0 1
-1.5 3 3.5 8.72449e-39 6.33676e-39 0 0 1
0.5 8 3.5 0.337891 0.5 0 0 1
-1.5 8 3.5 5.60207e-39 7.56701e-44 0 0 1
0.5 3 3.5 6.15309e-39 7.62244e-39 0 0 1
-1.5 0 -1.5 0.337891 0.5 0 -1 -0
-0.5 0 -1.5 2.93878e-39 3.67346e-39 0 -1 -0
-1.5 0 1.5 3.67348e-39 2.93878e-39 0 -1 -0
-1.5 0 1.5 0.337891 0.5 0 -1 -0
-0.5 0 -1.5 2.93878e-39 3.67346e-39 0 -1 -0
-0.5 0 1.5 2.93878e-39 2.93878e-39 0 -1 -0
-1.5 1 -2.5 0.337891 0.5 0 -1 -0
0.5 1 -2.5 2.93878e-39 1.46947e-39 0 -1 -0
-1.5 1 -1.5 1.46939e-39 1.46939e-39 0 -1 -0
-1.5 1 -1.5 0.337891 0.5 0 -1 -0
0.5 1 -2.5 2.93878e-39 1.46947e-39 0 -1 -0
-0.5 1 -1.5 1.46939e-39 1.46939e-39 0 -1 -0
-0.5 1 -1.5 0.337891 0.5 0 -1 -0
0.5 1 -2.5 2.93878e-39 1.46947e-39 0 -1 -0
-0.5 1 1.5 1.21225e-38 1.21225e-38 0 -1 -0
-1.5 1 1.5 0.337891 0.5 0 -1 -0
-0.5 1 1.5 1.21225e-38 1.21225e-38 0 -1 -0
-1.5 1 2.5 1.46939e-39 1.46939e-39 0 -1 -0
-0.5 1 1.5 0.337891 0.5 0 -1 -0
0.5 1 -2.5 2.93878e-39 1.46947e-39 0 -1 -0
0.5 1 2.5 1.1847e-38 1.1847e-38 0 -1 -0
-1.5 1 2.5 0.337891 0.5 0 -1 -0
-0.5 1 1.5 1.21225e-38 1.21225e-38 0 -1 -0
0.5 1 2.5 1.1847e-38 1.1847e-38 0 -1 -0
-1.5 3 -3.5 0.337891 0.5 0 -1 -0
0.5 3 -3.5 9.18369e-41 9.18369e-41 0 -1 -0
-1.5 3 -2.5 9.18369e-41 9.18369e-41 0 -1 -0
-1.5 3 -2.5 0.337891 0.5 0 -1 -0
0.5 3 -3.5 9.18369e-41 9.18369e-41 0 -1 -0
0.5 3 -2.5 1.46937e-39 1.46939e-39 0 -1 -0
0.5 3 -1.5 0.337891 0.5 0 -1 -0
1.5 3 -1.5 1.83853e-40 1.83674e-40 0 -1 -0
0.5 3 1.5 1.83674e-40 1.83674e-40 0 -1 -0
0.5 3 1.5 0.337891 0.5 0 -1 -0
1.5 3 -1.5 1.83853e-40 1.83674e-40 0 -1 -0
1.5 3 1.5 1.83674e-40 1.83674e-40 0 -1 -0
-1.5 3 2.5 0.337891 0.5 0 -1 -0
0.5 3 2.5 2.93876e-39 0 0 -1 -0
-1.5 3 3.5 0 0 0 -1 -0
-1.5 3 3.5 0.337891 0.5 0 -1 -0
0.5 3 2.5 2.93876e-39 0 0 -1 -0
0.5 3 3.5 0 0 0 -1 -0
0.5 5 -2.5 0.337891 0.5 0 -1 -0
1.5 5 -2.5 0 0 0 -1 -0
0.5 5 -1.5 0 0 0 -1 -0
0.5 5 -1.5 0.337891 0.5 0 -1 -0
1.5 5 -2.5 0 0 0 -1 -0
1.5 5 -1.5 0 0 0 -1 -0
-1.5 5 -0.5 0.337891 0.5 0 -1 -0
-0.5 5 -0.5 0 0 0 -1 -0
-1.5 5 0.5 0 0 0 -1 -0
-1.5 5 0.5 0.337891 0.5 0 -1 -0
-0.5 5 -0.5 0 0 0 -1 -0
-0.5 5 0.5 0 0 0 -1 -0
0.5 5 1.5 0.337891 0.5 0 -1 -0
1.5 5 1.5 0 0 0 -1 -0
0.5 5 2.5 0 0 0 -1 -0
0.5 5 2.5 0.337891 0.5 0 -1 -0
1.5 5 1.5 0 0 0 -1 -0
1.5 5 2.5 0 0 0 -1 -0
-0.5 24 -2.5 0.369141 0.5 0 -1 -0
0.5 24 -2.5 0 0 0 -1 -0
-0.5 24 -0.5 0 0 0 -1 -0
-0.5 24 -0.5 0.369141 0.5 0 -1 -0
0.5 24 -2.5 0 0 0 -1 -0
0.5 24 -0.5 0 0 0 -1 -0
-0.5 24 0.5 0.369141 0.5 0 -1 -0
0.5 24 0.5 0 0 0 -1 -0
-0.5 24 2.5 0 0 0 -1 -0
-0.5 24 2.5 0.369141 0.5 0 -1 -0
0.5 24 0.5 0 0 0 -1 -0
0.5 24 2.5 3.88007e-34 5.46561e-11 0 -1 -0
-0.5 26 -1.5 0.369141 0.5 0 -1 -0
0.5 26 -1.5 6.33677e-39 6.15306e-39 0 -1 -0
-0.5 26 1.5 8.72447e-39 7.71428e-39 0 -1 -0
-0.5 26 1.5 0.369141 0.5 0 -1 -0
0.5 26 -1.5 6.33677e-39 6.15306e-39 0 -1 -0
0.5 26 1.5 5.60206e-39 5.41839e-39 0 -1 -0
-1.5 1 1.5 0.337891 0.5 0 1 -0
-0.5 1 -1.5 7.5306e-39 5.60209e-39 0 1 -0
-1.5 1 -1.5 7.07147e-39 7.16328e-39 0 1 -0
-0.5 1 1.5 0.337891 0.5 0 1 -0
-0.5 1 -1.5 7.5306e-39 5.60209e-39 0 1 -0
-1.5 1 1.5 6.15308e-39 7.1633e-39 0 1 -0
-1.5 3 -1.5 0.337891 0.5 0 1 -0
-0.5 3 -2.5 6.33676e-39 6.15306e-39 0 1 -0
-1.5 3 -2.5 6.97958e-39 8.72447e-39 0 1 -0
-0.5 3 -1.5 0.337891 0.5 0 1 -0
-0.5 3 -2.5 6.33676e-39 6.15306e-39 0 1 -0
-1.5 3 -1.5 1.01021e-38 1.01939e-38 0 1 -0
-1.5 3 2.5 0.337891 0.5 0 1 -0
-0.5 3 1.5 1.05612e-38 9.18368e-39 0 1 -0
-1.5 3 1.5 5.32655e-39 7.80615e-39 0 1 -0
-0.5 3 2.5 0.337891 0.5 0 1 -0
-0.5 3 1.5 1.05612e-38 9.18368e-39 0 1 -0
-1.5 3 2.5 4.40817e-39 5.05102e-39 0 1 -0
-1.5 8 -2.5 0.337891 0.5 0 1 -0
0.5 8 -3.5 7.71431e-39 1.00102e-38 0 1 -0
-1.5 8 -3.5 6.97963e-39 9.09187e-39 0 1 -0
-0.5 8 -2.5 0.337891 0.5 0 1 -0
0.5 8 -3.5 7.71431e-39 1.00102e-38 0 1 -0
-1.5 8 -2.5 7.07145e-39 5.60208e-39 0 1 -0
0.5 8 -2.5 0.337891 0.5 0 1 -0
0.5 8 -3.5 7.71431e-39 1.00102e-38 0 1 -0
-0.5 8 -2.5 7.80615e-39 9.27555e-39 0 1 -0
-0.5 8 -0.5 0.337891 0.5 0 1 -0
1.5 8 -2.5 5.05102e-39 5.96944e-39 0 1 -0
0.5 8 -2.5 9.18368e-39 1.00102e-38 0 1 -0
-0.5 8 -0.5 0.337891 0.5 0 1 -0
0.5 8 -2.5 9.18368e-39 1.00102e-38 0 1 -0
-0.5 8 -2.5 7.80615e-39 9.27555e-39 0 1 -0
0.5 8 -0.5 0.337891 0.5 0 1 -0
1.5 8 -2.5 5.05102e-39 5.96944e-39 0 1 -0
-0.5 8 -0.5 9.09187e-39 9.91837e-39 0 1 -0
-1.5 8 0.5 0.337891 0.5 0 1 -0
-0.5 8 -0.5 9.09187e-39 9.91837e-39 0 1 -0
-1.5 8 -0.5 8.90814e-39 8.90821e-39 0 1 -0
-0.5 8 0.5 0.337891 0.5 0 1 -0
-0.5 8 -0.5 9.09187e-39 9.91837e-39 0 1 -0
-1.5 8 0.5 7.53061e-39 7.2551e-39 0 1 -0
0.5 8 0.5 0.337891 0.5 0 1 -0
1.5 8 -2.5 5.05102e-39 5.96944e-39 0 1 -0
0.5 8 -0.5 1.00102e-38 1.56945e-43 0 1 -0
-0.5 8 2.5 0.337891 0.5 0 1 -0
0.5 8 0.5 5.14286e-39 7.62246e-39 0 1 -0
-0.5 8 0.5 7.16327e-39 4.50002e-39 0 1 -0
0.5 8 2.5 0.337891 0.5 0 1 -0
1.5 8 -2.5 5.05102e-39 5.96944e-39 0 1 -0
0.5 8 0.5 5.14286e-39 7.62246e-39 0 1 -0
0.5 8 2.5 0.337891 0.5 0 1 -0
0.5 8 0.5 5.14286e-39 7.62246e-39 0 1 -0
-0.5 8 2.5 5.96942e-39 7.16327e-39 0 1 -0
1.5 8 2.5 0.337891 0.5 0 1 -0
1.5 8 -2.5 5.05102e-39 5.96944e-39 0 1 -0
0.5 8 2.5 5.96942e-39 6.7041e-39 0 1 -0
-1.5 8 3.5 0.337891 0.5 0 1 -0
-0.5 8 2.5 5.96942e-39 7.16327e-39 0 1 -0
-1.5 8 2.5 7.62247e-39 7.53061e-39 0 1 -0
-1.5 8 3.5 0.337891 0.5 0 1 -0
0.5 8 2.5 5.96942e-39 6.7041e-39 0 1 -0
-0.5 8 2.5 5.96942e-39 7.16327e-39 0 1 -0
0.5 8 3.5 0.337891 0.5 0 1 -0
0.5 8 2.5 5.96942e-39 6.7041e-39 0 1 -0
-1.5 8 3.5 5.60206e-39 4.40817e-39 0 1 -0
-0.5 25 1.5 0.369141 0.5 0 1 -0
0.5 25 -1.5 5.60206e-39 1.05612e-38 0 1 -0
-0.5 25 -1.5 6.33677e-39 7.16328e-39 0 1 -0
0.5 25 1.5 0.369141 0.5 0 1 -0
0.5 25 -1.5 5.60206e-39 1.05612e-38 0 1 -0
-0.5 25 1.5 4.50001e-39 7.70714e-44 0 1 -0
-0.5 27 2.5 0.369141 0.5 0 1 -0
0.5 27 -2.5 7.80615e-39 9.27555e-39 0 1 -0
-0.5 27 -2.5 6.9796e-39 5.60206e-39 0 1 -0
0.5 27 2.5 0.369141 0.5 0 1 -0
0.5 27 -2.5 7.80615e-39 9.27555e-39 0 1 -0
-0.5 27 2.5 9.18368e-39 1.00102e-38 0 1 -0
